phonopy:
  version: 2.6.1
  frequency_unit_conversion_factor: 15.633302
  symmetry_tolerance: 1.00000e-05
  configuration:
    dim: "2 0 0 0 2 0 0 0 2"
    primitive_axis: "0 1/2 1/2 1/2 0 1/2 1/2 1/2 0"
    cell_filename: "POSCAR-unitcell"
    include_all: ".true."

physical_unit:
  atomic_mass: "AMU"
  length: "Angstrom"
  force_constants: "eV/Angstrom^2"

supercell_matrix:
- [   2,   0,   0 ]
- [   0,   2,   0 ]
- [   0,   0,   2 ]

space_group:
  type: "F-43m"
  number: 216
  Hall_symbol: "F -4 2 3"

primitive_matrix:
- [  0.000000000000000,  0.500000000000000,  0.500000000000000 ]
- [  0.500000000000000,  0.000000000000000,  0.500000000000000 ]
- [  0.500000000000000,  0.500000000000000,  0.000000000000000 ]

primitive_cell:
  lattice:
  - [     0.000000000000000,     2.247708705000000,     2.247708705000000 ] # a
  - [     2.247708705000000,     0.000000000000000,     2.247708705000000 ] # b
  - [     2.247708705000000,     2.247708705000000,     0.000000000000000 ] # c
  points:
  - symbol: N  # 1
    coordinates: [  0.250000000000000,  0.250000000000000,  0.250000000000000 ]
    mass: 14.006700
  - symbol: Ga # 2
    coordinates: [  0.000000000000000,  0.000000000000000,  0.000000000000000 ]
    mass: 69.723000
  reciprocal_lattice: # without 2pi
  - [    -0.222448753652000,     0.222448753652000,     0.222448753652000 ] # a*
  - [     0.222448753652000,    -0.222448753652000,     0.222448753652000 ] # b*
  - [     0.222448753652000,     0.222448753652000,    -0.222448753652000 ] # c*

unit_cell:
  lattice:
  - [     4.495417410000000,     0.000000000000000,     0.000000000000000 ] # a
  - [     0.000000000000000,     4.495417410000000,     0.000000000000000 ] # b
  - [     0.000000000000000,     0.000000000000000,     4.495417410000000 ] # c
  points:
  - symbol: N  # 1
    coordinates: [  0.250000000000000,  0.250000000000000,  0.250000000000000 ]
    mass: 14.006700
    reduced_to: 1
  - symbol: N  # 2
    coordinates: [  0.250000000000000,  0.750000000000000,  0.750000000000000 ]
    mass: 14.006700
    reduced_to: 1
  - symbol: N  # 3
    coordinates: [  0.750000000000000,  0.250000000000000,  0.750000000000000 ]
    mass: 14.006700
    reduced_to: 1
  - symbol: N  # 4
    coordinates: [  0.750000000000000,  0.750000000000000,  0.250000000000000 ]
    mass: 14.006700
    reduced_to: 1
  - symbol: Ga # 5
    coordinates: [  0.000000000000000,  0.000000000000000,  0.000000000000000 ]
    mass: 69.723000
    reduced_to: 5
  - symbol: Ga # 6
    coordinates: [  0.000000000000000,  0.500000000000000,  0.500000000000000 ]
    mass: 69.723000
    reduced_to: 5
  - symbol: Ga # 7
    coordinates: [  0.500000000000000,  0.000000000000000,  0.500000000000000 ]
    mass: 69.723000
    reduced_to: 5
  - symbol: Ga # 8
    coordinates: [  0.500000000000000,  0.500000000000000,  0.000000000000000 ]
    mass: 69.723000
    reduced_to: 5

supercell:
  lattice:
  - [     8.990834820000000,     0.000000000000000,     0.000000000000000 ] # a
  - [     0.000000000000000,     8.990834820000000,     0.000000000000000 ] # b
  - [     0.000000000000000,     0.000000000000000,     8.990834820000000 ] # c
  points:
  - symbol: N  # 1
    coordinates: [  0.125000000000000,  0.125000000000000,  0.125000000000000 ]
    mass: 14.006700
    reduced_to: 1
  - symbol: N  # 2
    coordinates: [  0.625000000000000,  0.125000000000000,  0.125000000000000 ]
    mass: 14.006700
    reduced_to: 1
  - symbol: N  # 3
    coordinates: [  0.125000000000000,  0.625000000000000,  0.125000000000000 ]
    mass: 14.006700
    reduced_to: 1
  - symbol: N  # 4
    coordinates: [  0.625000000000000,  0.625000000000000,  0.125000000000000 ]
    mass: 14.006700
    reduced_to: 1
  - symbol: N  # 5
    coordinates: [  0.125000000000000,  0.125000000000000,  0.625000000000000 ]
    mass: 14.006700
    reduced_to: 1
  - symbol: N  # 6
    coordinates: [  0.625000000000000,  0.125000000000000,  0.625000000000000 ]
    mass: 14.006700
    reduced_to: 1
  - symbol: N  # 7
    coordinates: [  0.125000000000000,  0.625000000000000,  0.625000000000000 ]
    mass: 14.006700
    reduced_to: 1
  - symbol: N  # 8
    coordinates: [  0.625000000000000,  0.625000000000000,  0.625000000000000 ]
    mass: 14.006700
    reduced_to: 1
  - symbol: N  # 9
    coordinates: [  0.125000000000000,  0.375000000000000,  0.375000000000000 ]
    mass: 14.006700
    reduced_to: 1
  - symbol: N  # 10
    coordinates: [  0.625000000000000,  0.375000000000000,  0.375000000000000 ]
    mass: 14.006700
    reduced_to: 1
  - symbol: N  # 11
    coordinates: [  0.125000000000000,  0.875000000000000,  0.375000000000000 ]
    mass: 14.006700
    reduced_to: 1
  - symbol: N  # 12
    coordinates: [  0.625000000000000,  0.875000000000000,  0.375000000000000 ]
    mass: 14.006700
    reduced_to: 1
  - symbol: N  # 13
    coordinates: [  0.125000000000000,  0.375000000000000,  0.875000000000000 ]
    mass: 14.006700
    reduced_to: 1
  - symbol: N  # 14
    coordinates: [  0.625000000000000,  0.375000000000000,  0.875000000000000 ]
    mass: 14.006700
    reduced_to: 1
  - symbol: N  # 15
    coordinates: [  0.125000000000000,  0.875000000000000,  0.875000000000000 ]
    mass: 14.006700
    reduced_to: 1
  - symbol: N  # 16
    coordinates: [  0.625000000000000,  0.875000000000000,  0.875000000000000 ]
    mass: 14.006700
    reduced_to: 1
  - symbol: N  # 17
    coordinates: [  0.375000000000000,  0.125000000000000,  0.375000000000000 ]
    mass: 14.006700
    reduced_to: 1
  - symbol: N  # 18
    coordinates: [  0.875000000000000,  0.125000000000000,  0.375000000000000 ]
    mass: 14.006700
    reduced_to: 1
  - symbol: N  # 19
    coordinates: [  0.375000000000000,  0.625000000000000,  0.375000000000000 ]
    mass: 14.006700
    reduced_to: 1
  - symbol: N  # 20
    coordinates: [  0.875000000000000,  0.625000000000000,  0.375000000000000 ]
    mass: 14.006700
    reduced_to: 1
  - symbol: N  # 21
    coordinates: [  0.375000000000000,  0.125000000000000,  0.875000000000000 ]
    mass: 14.006700
    reduced_to: 1
  - symbol: N  # 22
    coordinates: [  0.875000000000000,  0.125000000000000,  0.875000000000000 ]
    mass: 14.006700
    reduced_to: 1
  - symbol: N  # 23
    coordinates: [  0.375000000000000,  0.625000000000000,  0.875000000000000 ]
    mass: 14.006700
    reduced_to: 1
  - symbol: N  # 24
    coordinates: [  0.875000000000000,  0.625000000000000,  0.875000000000000 ]
    mass: 14.006700
    reduced_to: 1
  - symbol: N  # 25
    coordinates: [  0.375000000000000,  0.375000000000000,  0.125000000000000 ]
    mass: 14.006700
    reduced_to: 1
  - symbol: N  # 26
    coordinates: [  0.875000000000000,  0.375000000000000,  0.125000000000000 ]
    mass: 14.006700
    reduced_to: 1
  - symbol: N  # 27
    coordinates: [  0.375000000000000,  0.875000000000000,  0.125000000000000 ]
    mass: 14.006700
    reduced_to: 1
  - symbol: N  # 28
    coordinates: [  0.875000000000000,  0.875000000000000,  0.125000000000000 ]
    mass: 14.006700
    reduced_to: 1
  - symbol: N  # 29
    coordinates: [  0.375000000000000,  0.375000000000000,  0.625000000000000 ]
    mass: 14.006700
    reduced_to: 1
  - symbol: N  # 30
    coordinates: [  0.875000000000000,  0.375000000000000,  0.625000000000000 ]
    mass: 14.006700
    reduced_to: 1
  - symbol: N  # 31
    coordinates: [  0.375000000000000,  0.875000000000000,  0.625000000000000 ]
    mass: 14.006700
    reduced_to: 1
  - symbol: N  # 32
    coordinates: [  0.875000000000000,  0.875000000000000,  0.625000000000000 ]
    mass: 14.006700
    reduced_to: 1
  - symbol: Ga # 33
    coordinates: [  0.000000000000000,  0.000000000000000,  0.000000000000000 ]
    mass: 69.723000
    reduced_to: 33
  - symbol: Ga # 34
    coordinates: [  0.500000000000000,  0.000000000000000,  0.000000000000000 ]
    mass: 69.723000
    reduced_to: 33
  - symbol: Ga # 35
    coordinates: [  0.000000000000000,  0.500000000000000,  0.000000000000000 ]
    mass: 69.723000
    reduced_to: 33
  - symbol: Ga # 36
    coordinates: [  0.500000000000000,  0.500000000000000,  0.000000000000000 ]
    mass: 69.723000
    reduced_to: 33
  - symbol: Ga # 37
    coordinates: [  0.000000000000000,  0.000000000000000,  0.500000000000000 ]
    mass: 69.723000
    reduced_to: 33
  - symbol: Ga # 38
    coordinates: [  0.500000000000000,  0.000000000000000,  0.500000000000000 ]
    mass: 69.723000
    reduced_to: 33
  - symbol: Ga # 39
    coordinates: [  0.000000000000000,  0.500000000000000,  0.500000000000000 ]
    mass: 69.723000
    reduced_to: 33
  - symbol: Ga # 40
    coordinates: [  0.500000000000000,  0.500000000000000,  0.500000000000000 ]
    mass: 69.723000
    reduced_to: 33
  - symbol: Ga # 41
    coordinates: [  0.000000000000000,  0.250000000000000,  0.250000000000000 ]
    mass: 69.723000
    reduced_to: 33
  - symbol: Ga # 42
    coordinates: [  0.500000000000000,  0.250000000000000,  0.250000000000000 ]
    mass: 69.723000
    reduced_to: 33
  - symbol: Ga # 43
    coordinates: [  0.000000000000000,  0.750000000000000,  0.250000000000000 ]
    mass: 69.723000
    reduced_to: 33
  - symbol: Ga # 44
    coordinates: [  0.500000000000000,  0.750000000000000,  0.250000000000000 ]
    mass: 69.723000
    reduced_to: 33
  - symbol: Ga # 45
    coordinates: [  0.000000000000000,  0.250000000000000,  0.750000000000000 ]
    mass: 69.723000
    reduced_to: 33
  - symbol: Ga # 46
    coordinates: [  0.500000000000000,  0.250000000000000,  0.750000000000000 ]
    mass: 69.723000
    reduced_to: 33
  - symbol: Ga # 47
    coordinates: [  0.000000000000000,  0.750000000000000,  0.750000000000000 ]
    mass: 69.723000
    reduced_to: 33
  - symbol: Ga # 48
    coordinates: [  0.500000000000000,  0.750000000000000,  0.750000000000000 ]
    mass: 69.723000
    reduced_to: 33
  - symbol: Ga # 49
    coordinates: [  0.250000000000000,  0.000000000000000,  0.250000000000000 ]
    mass: 69.723000
    reduced_to: 33
  - symbol: Ga # 50
    coordinates: [  0.750000000000000,  0.000000000000000,  0.250000000000000 ]
    mass: 69.723000
    reduced_to: 33
  - symbol: Ga # 51
    coordinates: [  0.250000000000000,  0.500000000000000,  0.250000000000000 ]
    mass: 69.723000
    reduced_to: 33
  - symbol: Ga # 52
    coordinates: [  0.750000000000000,  0.500000000000000,  0.250000000000000 ]
    mass: 69.723000
    reduced_to: 33
  - symbol: Ga # 53
    coordinates: [  0.250000000000000,  0.000000000000000,  0.750000000000000 ]
    mass: 69.723000
    reduced_to: 33
  - symbol: Ga # 54
    coordinates: [  0.750000000000000,  0.000000000000000,  0.750000000000000 ]
    mass: 69.723000
    reduced_to: 33
  - symbol: Ga # 55
    coordinates: [  0.250000000000000,  0.500000000000000,  0.750000000000000 ]
    mass: 69.723000
    reduced_to: 33
  - symbol: Ga # 56
    coordinates: [  0.750000000000000,  0.500000000000000,  0.750000000000000 ]
    mass: 69.723000
    reduced_to: 33
  - symbol: Ga # 57
    coordinates: [  0.250000000000000,  0.250000000000000,  0.000000000000000 ]
    mass: 69.723000
    reduced_to: 33
  - symbol: Ga # 58
    coordinates: [  0.750000000000000,  0.250000000000000,  0.000000000000000 ]
    mass: 69.723000
    reduced_to: 33
  - symbol: Ga # 59
    coordinates: [  0.250000000000000,  0.750000000000000,  0.000000000000000 ]
    mass: 69.723000
    reduced_to: 33
  - symbol: Ga # 60
    coordinates: [  0.750000000000000,  0.750000000000000,  0.000000000000000 ]
    mass: 69.723000
    reduced_to: 33
  - symbol: Ga # 61
    coordinates: [  0.250000000000000,  0.250000000000000,  0.500000000000000 ]
    mass: 69.723000
    reduced_to: 33
  - symbol: Ga # 62
    coordinates: [  0.750000000000000,  0.250000000000000,  0.500000000000000 ]
    mass: 69.723000
    reduced_to: 33
  - symbol: Ga # 63
    coordinates: [  0.250000000000000,  0.750000000000000,  0.500000000000000 ]
    mass: 69.723000
    reduced_to: 33
  - symbol: Ga # 64
    coordinates: [  0.750000000000000,  0.750000000000000,  0.500000000000000 ]
    mass: 69.723000
    reduced_to: 33

displacements:
- atom:    1
  displacement:
    [   0.0100000000000000,  0.0000000000000000,  0.0000000000000000 ]
  forces:
  - [  -0.1828098200000000,  0.0000000000000000,  0.0000000000000000 ]
  - [   0.0035057700000000,  0.0000000000000000,  0.0000000000000000 ]
  - [  -0.0023270700000000,  0.0000000000000000,  0.0000000000000000 ]
  - [   0.0052065300000000,  0.0000000000000000,  0.0000000000000000 ]
  - [  -0.0023270700000000,  0.0000000000000000,  0.0000000000000000 ]
  - [   0.0052065300000000,  0.0000000000000000,  0.0000000000000000 ]
  - [  -0.0009747400000000,  0.0000000000000000,  0.0000000000000000 ]
  - [   0.0008680900000000,  0.0000000000000000,  0.0000000000000000 ]
  - [  -0.0029817400000000,  0.0013058100000000,  0.0013058100000000 ]
  - [   0.0024558200000000, -0.0000645900000000, -0.0000645900000000 ]
  - [  -0.0029711000000000,  0.0013503500000000, -0.0013503500000000 ]
  - [   0.0024560500000000, -0.0000692300000000,  0.0000692300000000 ]
  - [  -0.0029711000000000, -0.0013503500000000,  0.0013503500000000 ]
  - [   0.0024560500000000,  0.0000692300000000, -0.0000692300000000 ]
  - [  -0.0029817400000000, -0.0013058100000000, -0.0013058100000000 ]
  - [   0.0024558200000000,  0.0000645900000000,  0.0000645900000000 ]
  - [   0.0069152000000000, -0.0013233000000000,  0.0089260900000000 ]
  - [   0.0068587000000000, -0.0013339500000000, -0.0088200000000000 ]
  - [  -0.0000817400000000,  0.0000656500000000,  0.0009956900000000 ]
  - [  -0.0000787900000000,  0.0000692500000000, -0.0009904000000000 ]
  - [   0.0069152000000000,  0.0013233000000000, -0.0089260900000000 ]
  - [   0.0068587000000000,  0.0013339500000000,  0.0088200000000000 ]
  - [  -0.0000817400000000, -0.0000656500000000, -0.0009956900000000 ]
  - [  -0.0000787900000000, -0.0000692500000000,  0.0009904000000000 ]
  - [   0.0069152000000000,  0.0089260900000000, -0.0013233000000000 ]
  - [   0.0068587000000000, -0.0088200000000000, -0.0013339500000000 ]
  - [   0.0069152000000000, -0.0089260900000000,  0.0013233000000000 ]
  - [   0.0068587000000000,  0.0088200000000000,  0.0013339500000000 ]
  - [  -0.0000817400000000,  0.0009956900000000,  0.0000656500000000 ]
  - [  -0.0000787900000000, -0.0009904000000000,  0.0000692500000000 ]
  - [  -0.0000817400000000, -0.0009956900000000, -0.0000656500000000 ]
  - [  -0.0000787900000000,  0.0009904000000000, -0.0000692500000000 ]
  - [   0.0354670600000000,  0.0204157600000000,  0.0204157600000000 ]
  - [  -0.0051966400000000,  0.0004359900000000,  0.0004359900000000 ]
  - [   0.0027147500000000,  0.0019524700000000, -0.0017001600000000 ]
  - [  -0.0029380300000000, -0.0015361700000000,  0.0026887000000000 ]
  - [   0.0027147500000000, -0.0017001600000000,  0.0019524700000000 ]
  - [  -0.0029380300000000,  0.0026887000000000, -0.0015361700000000 ]
  - [   0.0012629600000000,  0.0000406500000000,  0.0000406500000000 ]
  - [  -0.0010983900000000, -0.0000211500000000, -0.0000211500000000 ]
  - [   0.0354670600000000, -0.0204157600000000, -0.0204157600000000 ]
  - [  -0.0051966400000000, -0.0004359900000000, -0.0004359900000000 ]
  - [   0.0027147500000000, -0.0019524700000000,  0.0017001600000000 ]
  - [  -0.0029380300000000,  0.0015361700000000, -0.0026887000000000 ]
  - [   0.0027147500000000,  0.0017001600000000, -0.0019524700000000 ]
  - [  -0.0029380300000000, -0.0026887000000000,  0.0015361700000000 ]
  - [   0.0012629600000000, -0.0000406500000000, -0.0000406500000000 ]
  - [  -0.0010983900000000,  0.0000211500000000,  0.0000211500000000 ]
  - [   0.0360551800000000, -0.0214526900000000,  0.0214526900000000 ]
  - [  -0.0051825000000000, -0.0004246300000000,  0.0004246300000000 ]
  - [   0.0027332700000000, -0.0019491400000000, -0.0017194300000000 ]
  - [  -0.0029382700000000,  0.0015409400000000,  0.0026820900000000 ]
  - [   0.0027332700000000,  0.0017194300000000,  0.0019491400000000 ]
  - [  -0.0029382700000000, -0.0026820900000000, -0.0015409400000000 ]
  - [   0.0012897700000000, -0.0000365500000000,  0.0000365500000000 ]
  - [  -0.0011007500000000,  0.0000191500000000, -0.0000191500000000 ]
  - [   0.0360551800000000,  0.0214526900000000, -0.0214526900000000 ]
  - [  -0.0051825000000000,  0.0004246300000000, -0.0004246300000000 ]
  - [   0.0027332700000000,  0.0019491400000000,  0.0017194300000000 ]
  - [  -0.0029382700000000, -0.0015409400000000, -0.0026820900000000 ]
  - [   0.0027332700000000, -0.0017194300000000, -0.0019491400000000 ]
  - [  -0.0029382700000000,  0.0026820900000000,  0.0015409400000000 ]
  - [   0.0012897700000000,  0.0000365500000000, -0.0000365500000000 ]
  - [  -0.0011007500000000, -0.0000191500000000,  0.0000191500000000 ]
- atom:   33
  displacement:
    [   0.0100000000000000,  0.0000000000000000,  0.0000000000000000 ]
  forces:
  - [   0.0360621000000000,  0.0214333600000000,  0.0214333600000000 ]
  - [  -0.0051796300000000,  0.0019375100000000,  0.0019375100000000 ]
  - [   0.0027232100000000,  0.0004281800000000, -0.0017111400000000 ]
  - [  -0.0029478200000000, -0.0015379400000000,  0.0000365800000000 ]
  - [   0.0027232100000000, -0.0017111400000000,  0.0004281800000000 ]
  - [  -0.0029478200000000,  0.0000365800000000, -0.0015379400000000 ]
  - [   0.0012741200000000,  0.0026826400000000,  0.0026826400000000 ]
  - [  -0.0011018000000000, -0.0000220700000000, -0.0000220700000000 ]
  - [   0.0012741200000000, -0.0026826400000000, -0.0026826400000000 ]
  - [  -0.0011018000000000,  0.0000220700000000,  0.0000220700000000 ]
  - [   0.0027232100000000,  0.0017111400000000, -0.0004281800000000 ]
  - [  -0.0029478200000000, -0.0000365800000000,  0.0015379400000000 ]
  - [   0.0027232100000000, -0.0004281800000000,  0.0017111400000000 ]
  - [  -0.0029478200000000,  0.0015379400000000, -0.0000365800000000 ]
  - [   0.0360621000000000, -0.0214333600000000, -0.0214333600000000 ]
  - [  -0.0051796300000000, -0.0019375100000000, -0.0019375100000000 ]
  - [  -0.0029279800000000, -0.0000418300000000, -0.0015338700000000 ]
  - [   0.0027267400000000,  0.0017078400000000,  0.0004284500000000 ]
  - [  -0.0010934900000000,  0.0000224200000000, -0.0000224200000000 ]
  - [   0.0012759100000000, -0.0026898900000000,  0.0026898900000000 ]
  - [  -0.0051918600000000, -0.0019617800000000,  0.0019617800000000 ]
  - [   0.0354539600000000, -0.0204369100000000,  0.0204369100000000 ]
  - [  -0.0029279800000000,  0.0015338700000000,  0.0000418300000000 ]
  - [   0.0027267400000000, -0.0004284500000000, -0.0017078400000000 ]
  - [  -0.0029279800000000, -0.0015338700000000, -0.0000418300000000 ]
  - [   0.0027267400000000,  0.0004284500000000,  0.0017078400000000 ]
  - [  -0.0051918600000000,  0.0019617800000000, -0.0019617800000000 ]
  - [   0.0354539600000000,  0.0204369100000000, -0.0204369100000000 ]
  - [  -0.0010934900000000, -0.0000224200000000,  0.0000224200000000 ]
  - [   0.0012759100000000,  0.0026898900000000, -0.0026898900000000 ]
  - [  -0.0029279800000000,  0.0000418300000000,  0.0015338700000000 ]
  - [   0.0027267400000000, -0.0017078400000000, -0.0004284500000000 ]
  - [  -0.1790907600000000,  0.0000000000000000,  0.0000000000000000 ]
  - [   0.0071672500000000,  0.0000000000000000,  0.0000000000000000 ]
  - [  -0.0023797000000000,  0.0000000000000000,  0.0000000000000000 ]
  - [   0.0017423800000000,  0.0000000000000000,  0.0000000000000000 ]
  - [  -0.0023797000000000,  0.0000000000000000,  0.0000000000000000 ]
  - [   0.0017423800000000,  0.0000000000000000,  0.0000000000000000 ]
  - [  -0.0050691300000000,  0.0000000000000000,  0.0000000000000000 ]
  - [   0.0014871900000000,  0.0000000000000000,  0.0000000000000000 ]
  - [  -0.0108018500000000,  0.0033088500000000,  0.0033088500000000 ]
  - [   0.0028389700000000, -0.0011255900000000, -0.0011255900000000 ]
  - [  -0.0108149100000000,  0.0033520300000000, -0.0033520300000000 ]
  - [   0.0028573000000000, -0.0011415100000000,  0.0011415100000000 ]
  - [  -0.0108149100000000, -0.0033520300000000,  0.0033520300000000 ]
  - [   0.0028573000000000,  0.0011415100000000, -0.0011415100000000 ]
  - [  -0.0108018500000000, -0.0033088500000000, -0.0033088500000000 ]
  - [   0.0028389700000000,  0.0011255900000000,  0.0011255900000000 ]
  - [   0.0099764900000000, -0.0033130300000000,  0.0124530600000000 ]
  - [   0.0099432000000000, -0.0033485600000000, -0.0123332500000000 ]
  - [   0.0009526700000000,  0.0011297300000000, -0.0004798400000000 ]
  - [   0.0009591200000000,  0.0011376700000000,  0.0004831600000000 ]
  - [   0.0099764900000000,  0.0033130300000000, -0.0124530600000000 ]
  - [   0.0099432000000000,  0.0033485600000000,  0.0123332500000000 ]
  - [   0.0009526700000000, -0.0011297300000000,  0.0004798400000000 ]
  - [   0.0009591200000000, -0.0011376700000000, -0.0004831600000000 ]
  - [   0.0099764900000000,  0.0124530600000000, -0.0033130300000000 ]
  - [   0.0099432000000000, -0.0123332500000000, -0.0033485600000000 ]
  - [   0.0099764900000000, -0.0124530600000000,  0.0033130300000000 ]
  - [   0.0099432000000000,  0.0123332500000000,  0.0033485600000000 ]
  - [   0.0009526700000000, -0.0004798400000000,  0.0011297300000000 ]
  - [   0.0009591200000000,  0.0004831600000000,  0.0011376700000000 ]
  - [   0.0009526700000000,  0.0004798400000000, -0.0011297300000000 ]
  - [   0.0009591200000000, -0.0004831600000000, -0.0011376700000000 ]

force_constants:
  format: "compact"
  shape: [ 2, 64 ]
  elements:
  - # (1, 1)
    - [    18.280981999999995,    -0.000000000000000,    -0.000000000000000 ]
    - [    -0.000000000000000,    18.280982000000005,    -0.000000000000000 ]
    - [    -0.000000000000000,     0.000000000000001,    18.280981999999995 ]
  - # (1, 2)
    - [    -0.350577000000000,    -0.000000000000000,    -0.000000000000000 ]
    - [    -0.000000000000000,     0.232707000000000,    -0.000000000000000 ]
    - [    -0.000000000000000,     0.000000000000000,     0.232707000000000 ]
  - # (1, 3)
    - [     0.232707000000000,    -0.000000000000000,    -0.000000000000000 ]
    - [    -0.000000000000000,    -0.350577000000000,    -0.000000000000000 ]
    - [    -0.000000000000000,    -0.000000000000000,     0.232707000000000 ]
  - # (1, 4)
    - [    -0.520653000000000,    -0.000000000000000,    -0.000000000000000 ]
    - [    -0.000000000000000,    -0.520653000000000,    -0.000000000000000 ]
    - [    -0.000000000000000,    -0.000000000000000,     0.097474000000000 ]
  - # (1, 5)
    - [     0.232707000000000,    -0.000000000000000,    -0.000000000000000 ]
    - [    -0.000000000000000,     0.232707000000000,    -0.000000000000000 ]
    - [    -0.000000000000000,     0.000000000000000,    -0.350577000000000 ]
  - # (1, 6)
    - [    -0.520653000000000,    -0.000000000000000,    -0.000000000000000 ]
    - [    -0.000000000000000,     0.097474000000000,    -0.000000000000000 ]
    - [    -0.000000000000000,     0.000000000000000,    -0.520653000000000 ]
  - # (1, 7)
    - [     0.097474000000000,    -0.000000000000000,    -0.000000000000000 ]
    - [    -0.000000000000000,    -0.520653000000000,    -0.000000000000000 ]
    - [    -0.000000000000000,    -0.000000000000000,    -0.520653000000000 ]
  - # (1, 8)
    - [    -0.086809000000000,    -0.000000000000000,    -0.000000000000000 ]
    - [    -0.000000000000000,    -0.086809000000000,    -0.000000000000000 ]
    - [    -0.000000000000000,    -0.000000000000000,    -0.086809000000000 ]
  - # (1, 9)
    - [     0.297642000000000,    -0.132808000000000,    -0.132808000000000 ]
    - [     0.132862500000000,    -0.688695000000000,    -0.887304500000000 ]
    - [     0.132862500000000,    -0.887304500000000,    -0.688695000000000 ]
  - # (1, 10)
    - [    -0.245593500000000,     0.006691000000000,     0.006691000000000 ]
    - [    -0.006745000000000,     0.008026500000000,    -0.099304500000000 ]
    - [    -0.006745000000000,    -0.099304500000000,     0.008026500000000 ]
  - # (1, 11)
    - [     0.297642000000000,    -0.132808000000000,     0.132808000000000 ]
    - [     0.132862500000000,    -0.688695000000000,     0.887304500000000 ]
    - [    -0.132862500000000,     0.887304500000000,    -0.688695000000000 ]
  - # (1, 12)
    - [    -0.245593500000000,     0.006691000000000,    -0.006691000000000 ]
    - [    -0.006745000000000,     0.008026500000000,     0.099304500000000 ]
    - [     0.006745000000000,     0.099304500000000,     0.008026500000000 ]
  - # (1, 13)
    - [     0.297642000000000,     0.132808000000000,    -0.132808000000000 ]
    - [    -0.132862500000000,    -0.688695000000000,     0.887304500000000 ]
    - [     0.132862500000000,     0.887304499999999,    -0.688695000000000 ]
  - # (1, 14)
    - [    -0.245593500000000,    -0.006691000000000,     0.006691000000000 ]
    - [     0.006745000000000,     0.008026500000000,     0.099304500000000 ]
    - [    -0.006745000000000,     0.099304500000000,     0.008026500000000 ]
  - # (1, 15)
    - [     0.297642000000000,     0.132808000000000,     0.132808000000000 ]
    - [    -0.132862500000000,    -0.688695000000000,    -0.887304500000000 ]
    - [    -0.132862500000000,    -0.887304499999999,    -0.688695000000000 ]
  - # (1, 16)
    - [    -0.245593500000000,    -0.006691000000000,    -0.006691000000000 ]
    - [     0.006745000000000,     0.008026500000000,    -0.099304500000000 ]
    - [     0.006745000000000,    -0.099304500000000,     0.008026500000000 ]
  - # (1, 17)
    - [    -0.688695000000000,     0.132862500000000,    -0.887304500000000 ]
    - [    -0.132808000000000,     0.297642000000000,    -0.132808000000000 ]
    - [    -0.887304500000000,     0.132862500000000,    -0.688695000000000 ]
  - # (1, 18)
    - [    -0.688695000000000,     0.132862500000000,     0.887304500000000 ]
    - [    -0.132808000000000,     0.297642000000000,     0.132808000000000 ]
    - [     0.887304500000000,    -0.132862500000000,    -0.688695000000000 ]
  - # (1, 19)
    - [     0.008026500000000,    -0.006745000000000,    -0.099304500000000 ]
    - [     0.006691000000000,    -0.245593500000000,     0.006691000000000 ]
    - [    -0.099304500000000,    -0.006745000000000,     0.008026500000000 ]
  - # (1, 20)
    - [     0.008026500000000,    -0.006745000000000,     0.099304500000000 ]
    - [     0.006691000000000,    -0.245593500000000,    -0.006691000000000 ]
    - [     0.099304500000000,     0.006745000000000,     0.008026500000000 ]
  - # (1, 21)
    - [    -0.688695000000000,    -0.132862500000000,     0.887304500000000 ]
    - [     0.132808000000000,     0.297642000000000,    -0.132808000000000 ]
    - [     0.887304499999999,     0.132862500000000,    -0.688695000000000 ]
  - # (1, 22)
    - [    -0.688695000000000,    -0.132862500000000,    -0.887304500000000 ]
    - [     0.132808000000000,     0.297642000000000,     0.132808000000000 ]
    - [    -0.887304499999999,    -0.132862500000000,    -0.688695000000000 ]
  - # (1, 23)
    - [     0.008026500000000,     0.006745000000000,     0.099304500000000 ]
    - [    -0.006691000000000,    -0.245593500000000,     0.006691000000000 ]
    - [     0.099304500000000,    -0.006745000000000,     0.008026500000000 ]
  - # (1, 24)
    - [     0.008026500000000,     0.006745000000000,    -0.099304500000000 ]
    - [    -0.006691000000000,    -0.245593500000000,    -0.006691000000000 ]
    - [    -0.099304500000000,     0.006745000000000,     0.008026500000000 ]
  - # (1, 25)
    - [    -0.688695000000000,    -0.887304500000000,     0.132862500000000 ]
    - [    -0.887304500000000,    -0.688695000000000,     0.132862500000000 ]
    - [    -0.132808000000000,    -0.132808000000000,     0.297642000000000 ]
  - # (1, 26)
    - [    -0.688695000000000,     0.887304500000000,     0.132862500000000 ]
    - [     0.887304500000000,    -0.688695000000000,    -0.132862500000000 ]
    - [    -0.132808000000000,     0.132808000000000,     0.297642000000000 ]
  - # (1, 27)
    - [    -0.688695000000000,     0.887304500000000,    -0.132862500000000 ]
    - [     0.887304500000000,    -0.688695000000000,     0.132862500000000 ]
    - [     0.132808000000000,    -0.132808000000000,     0.297642000000000 ]
  - # (1, 28)
    - [    -0.688695000000000,    -0.887304500000000,    -0.132862500000000 ]
    - [    -0.887304500000000,    -0.688695000000000,    -0.132862500000000 ]
    - [     0.132808000000000,     0.132808000000000,     0.297642000000000 ]
  - # (1, 29)
    - [     0.008026500000000,    -0.099304500000000,    -0.006745000000000 ]
    - [    -0.099304500000000,     0.008026500000000,    -0.006745000000000 ]
    - [     0.006691000000000,     0.006691000000000,    -0.245593500000000 ]
  - # (1, 30)
    - [     0.008026500000000,     0.099304500000000,    -0.006745000000000 ]
    - [     0.099304500000000,     0.008026500000000,     0.006745000000000 ]
    - [     0.006691000000000,    -0.006691000000000,    -0.245593500000000 ]
  - # (1, 31)
    - [     0.008026500000000,     0.099304500000000,     0.006745000000000 ]
    - [     0.099304500000000,     0.008026500000000,    -0.006745000000000 ]
    - [    -0.006691000000000,     0.006691000000000,    -0.245593500000000 ]
  - # (1, 32)
    - [     0.008026500000000,    -0.099304500000000,     0.006745000000000 ]
    - [    -0.099304500000000,     0.008026500000000,     0.006745000000000 ]
    - [    -0.006691000000000,    -0.006691000000000,    -0.245593500000000 ]
  - # (1, 33)
    - [    -3.576112000000000,    -2.093422500000000,    -2.093422500000000 ]
    - [    -2.093422500000000,    -3.576112000000001,    -2.093422500000000 ]
    - [    -2.093422500000000,    -2.093422500000000,    -3.576111999999999 ]
  - # (1, 34)
    - [     0.518957000000000,    -0.043031000000000,    -0.043031000000000 ]
    - [    -0.195080500000000,    -0.272401000000000,     0.170979500000000 ]
    - [    -0.195080500000000,     0.170979500000000,    -0.272401000000000 ]
  - # (1, 35)
    - [    -0.272401000000000,    -0.195080500000000,     0.170979500000000 ]
    - [    -0.043031000000000,     0.518957000000000,    -0.043031000000000 ]
    - [     0.170979500000000,    -0.195080500000000,    -0.272401000000000 ]
  - # (1, 36)
    - [     0.293815000000000,     0.153855500000000,    -0.268539500000000 ]
    - [     0.153855500000000,     0.293815000000000,    -0.268539500000000 ]
    - [    -0.003860000000000,    -0.003860000000000,    -0.127636500000000 ]
  - # (1, 37)
    - [    -0.272401000000000,     0.170979500000000,    -0.195080500000000 ]
    - [     0.170979500000000,    -0.272401000000000,    -0.195080500000000 ]
    - [    -0.043031000000000,    -0.043031000000000,     0.518957000000000 ]
  - # (1, 38)
    - [     0.293815000000000,    -0.268539500000000,     0.153855500000000 ]
    - [    -0.003860000000000,    -0.127636500000000,    -0.003860000000000 ]
    - [     0.153855500000000,    -0.268539500000000,     0.293815000000000 ]
  - # (1, 39)
    - [    -0.127636500000000,    -0.003860000000000,    -0.003860000000000 ]
    - [    -0.268539500000000,     0.293815000000000,     0.153855500000000 ]
    - [    -0.268539500000000,     0.153855500000000,     0.293815000000000 ]
  - # (1, 40)
    - [     0.109957000000000,     0.002015000000000,     0.002015000000000 ]
    - [     0.002015000000000,     0.109957000000000,     0.002015000000000 ]
    - [     0.002015000000000,     0.002015000000000,     0.109957000000000 ]
  - # (1, 41)
    - [    -3.576112000000000,     2.093422500000000,     2.093422500000000 ]
    - [     2.093422500000000,    -3.576112000000001,    -2.093422500000000 ]
    - [     2.093422500000000,    -2.093422500000000,    -3.576112000000000 ]
  - # (1, 42)
    - [     0.518957000000000,     0.043031000000000,     0.043031000000000 ]
    - [     0.195080500000000,    -0.272401000000000,     0.170979500000000 ]
    - [     0.195080500000000,     0.170979500000000,    -0.272401000000000 ]
  - # (1, 43)
    - [    -0.272401000000000,     0.195080500000000,    -0.170979500000000 ]
    - [     0.043031000000000,     0.518957000000000,    -0.043031000000000 ]
    - [    -0.170979500000000,    -0.195080500000000,    -0.272401000000000 ]
  - # (1, 44)
    - [     0.293815000000000,    -0.153855500000000,     0.268539500000000 ]
    - [    -0.153855500000000,     0.293815000000000,    -0.268539500000000 ]
    - [     0.003860000000000,    -0.003860000000000,    -0.127636500000000 ]
  - # (1, 45)
    - [    -0.272401000000000,    -0.170979500000000,     0.195080500000000 ]
    - [    -0.170979500000000,    -0.272401000000000,    -0.195080500000000 ]
    - [     0.043031000000000,    -0.043031000000000,     0.518957000000000 ]
  - # (1, 46)
    - [     0.293815000000000,     0.268539500000000,    -0.153855500000000 ]
    - [     0.003860000000000,    -0.127636500000000,    -0.003860000000000 ]
    - [    -0.153855500000000,    -0.268539500000000,     0.293815000000000 ]
  - # (1, 47)
    - [    -0.127636500000000,     0.003860000000000,     0.003860000000000 ]
    - [     0.268539500000000,     0.293815000000000,     0.153855500000000 ]
    - [     0.268539500000000,     0.153855500000000,     0.293815000000000 ]
  - # (1, 48)
    - [     0.109957000000000,    -0.002015000000000,    -0.002015000000000 ]
    - [    -0.002015000000000,     0.109957000000000,     0.002015000000000 ]
    - [    -0.002015000000000,     0.002015000000000,     0.109957000000000 ]
  - # (1, 49)
    - [    -3.576111999999999,     2.093422500000000,    -2.093422500000000 ]
    - [     2.093422500000000,    -3.576112000000001,     2.093422500000000 ]
    - [    -2.093422500000000,     2.093422500000000,    -3.576112000000000 ]
  - # (1, 50)
    - [     0.518957000000000,     0.043031000000000,    -0.043031000000000 ]
    - [     0.195080500000000,    -0.272401000000000,    -0.170979500000000 ]
    - [    -0.195080500000000,    -0.170979500000000,    -0.272401000000000 ]
  - # (1, 51)
    - [    -0.272401000000000,     0.195080500000000,     0.170979500000000 ]
    - [     0.043031000000000,     0.518957000000000,     0.043031000000000 ]
    - [     0.170979500000000,     0.195080500000000,    -0.272401000000000 ]
  - # (1, 52)
    - [     0.293815000000000,    -0.153855500000000,    -0.268539500000000 ]
    - [    -0.153855500000000,     0.293815000000000,     0.268539500000000 ]
    - [    -0.003860000000000,     0.003860000000000,    -0.127636500000000 ]
  - # (1, 53)
    - [    -0.272401000000000,    -0.170979500000000,    -0.195080500000000 ]
    - [    -0.170979500000000,    -0.272401000000000,     0.195080500000000 ]
    - [    -0.043031000000000,     0.043031000000000,     0.518957000000000 ]
  - # (1, 54)
    - [     0.293815000000000,     0.268539500000000,     0.153855500000000 ]
    - [     0.003860000000000,    -0.127636500000000,     0.003860000000000 ]
    - [     0.153855500000000,     0.268539500000000,     0.293815000000000 ]
  - # (1, 55)
    - [    -0.127636500000000,     0.003860000000000,    -0.003860000000000 ]
    - [     0.268539500000000,     0.293815000000000,    -0.153855500000000 ]
    - [    -0.268539500000000,    -0.153855500000000,     0.293815000000000 ]
  - # (1, 56)
    - [     0.109957000000000,    -0.002015000000000,     0.002015000000000 ]
    - [    -0.002015000000000,     0.109957000000000,    -0.002015000000000 ]
    - [     0.002015000000000,    -0.002015000000000,     0.109957000000000 ]
  - # (1, 57)
    - [    -3.576111999999999,    -2.093422500000000,     2.093422500000000 ]
    - [    -2.093422500000000,    -3.576112000000001,     2.093422500000000 ]
    - [     2.093422500000000,     2.093422500000000,    -3.576111999999999 ]
  - # (1, 58)
    - [     0.518957000000000,    -0.043031000000000,     0.043031000000000 ]
    - [    -0.195080500000000,    -0.272401000000000,    -0.170979500000000 ]
    - [     0.195080500000000,    -0.170979500000000,    -0.272401000000000 ]
  - # (1, 59)
    - [    -0.272401000000000,    -0.195080500000000,    -0.170979500000000 ]
    - [    -0.043031000000000,     0.518957000000000,     0.043031000000000 ]
    - [    -0.170979500000000,     0.195080500000000,    -0.272401000000000 ]
  - # (1, 60)
    - [     0.293815000000000,     0.153855500000000,     0.268539500000000 ]
    - [     0.153855500000000,     0.293815000000000,     0.268539500000000 ]
    - [     0.003860000000000,     0.003860000000000,    -0.127636500000000 ]
  - # (1, 61)
    - [    -0.272401000000000,     0.170979500000000,     0.195080500000000 ]
    - [     0.170979500000000,    -0.272401000000000,     0.195080500000000 ]
    - [     0.043031000000000,     0.043031000000000,     0.518957000000000 ]
  - # (1, 62)
    - [     0.293815000000000,    -0.268539500000000,    -0.153855500000000 ]
    - [    -0.003860000000000,    -0.127636500000000,     0.003860000000000 ]
    - [    -0.153855500000000,     0.268539500000000,     0.293815000000000 ]
  - # (1, 63)
    - [    -0.127636500000000,    -0.003860000000000,     0.003860000000000 ]
    - [    -0.268539500000000,     0.293815000000000,    -0.153855500000000 ]
    - [     0.268539500000000,    -0.153855500000000,     0.293815000000000 ]
  - # (1, 64)
    - [     0.109957000000000,     0.002015000000000,    -0.002015000000000 ]
    - [     0.002015000000000,     0.109957000000000,    -0.002015000000000 ]
    - [    -0.002015000000000,    -0.002015000000000,     0.109957000000000 ]
  - # (2, 1)
    - [    -3.575802999999999,    -2.093513499999999,    -2.093513499999999 ]
    - [    -2.093513500000000,    -3.575803000000001,    -2.093513500000000 ]
    - [    -2.093513500000000,    -2.093513500000000,    -3.575803000000001 ]
  - # (2, 2)
    - [     0.518574500000000,    -0.194964500000000,    -0.194964500000000 ]
    - [    -0.042831500000000,    -0.272497500000000,     0.170949000000000 ]
    - [    -0.042831500000000,     0.170949000000000,    -0.272497500000000 ]
  - # (2, 3)
    - [    -0.272497500000000,    -0.042831500000000,     0.170949000000000 ]
    - [    -0.194964500000000,     0.518574500000000,    -0.194964500000000 ]
    - [     0.170949000000000,    -0.042831500000000,    -0.272497500000000 ]
  - # (2, 4)
    - [     0.293790000000000,     0.153590500000000,    -0.003920500000000 ]
    - [     0.153590500000000,     0.293790000000000,    -0.003920500000000 ]
    - [    -0.268626500000000,    -0.268626500000000,    -0.127501500000000 ]
  - # (2, 5)
    - [    -0.272497500000000,     0.170949000000000,    -0.042831500000000 ]
    - [     0.170949000000000,    -0.272497500000000,    -0.042831500000000 ]
    - [    -0.194964500000000,    -0.194964500000000,     0.518574500000000 ]
  - # (2, 6)
    - [     0.293790000000000,    -0.003920500000000,     0.153590500000000 ]
    - [    -0.268626500000000,    -0.127501500000000,    -0.268626500000000 ]
    - [     0.153590500000000,    -0.003920500000000,     0.293790000000000 ]
  - # (2, 7)
    - [    -0.127501500000000,    -0.268626500000000,    -0.268626500000000 ]
    - [    -0.003920500000000,     0.293790000000000,     0.153590500000000 ]
    - [    -0.003920500000000,     0.153590500000000,     0.293790000000000 ]
  - # (2, 8)
    - [     0.109764500000000,     0.002224500000000,     0.002224500000000 ]
    - [     0.002224500000000,     0.109764500000000,     0.002224500000000 ]
    - [     0.002224500000000,     0.002224500000000,     0.109764500000000 ]
  - # (2, 9)
    - [    -0.127501500000000,     0.268626500000000,     0.268626500000000 ]
    - [     0.003920500000000,     0.293790000000000,     0.153590500000000 ]
    - [     0.003920500000000,     0.153590500000000,     0.293790000000000 ]
  - # (2, 10)
    - [     0.109764500000000,    -0.002224500000000,    -0.002224500000000 ]
    - [    -0.002224500000000,     0.109764500000000,     0.002224500000000 ]
    - [    -0.002224500000000,     0.002224500000000,     0.109764500000000 ]
  - # (2, 11)
    - [    -0.272497500000000,    -0.170949000000000,     0.042831500000000 ]
    - [    -0.170949000000000,    -0.272497500000000,    -0.042831500000000 ]
    - [     0.194964500000000,    -0.194964500000000,     0.518574500000000 ]
